rank,name,dates_from_open,price_grade,senti_score,mango_dinning_likes,6M_score,6M_num,tastyscore_d1_p1_r1,tastyscore_d2_p1_r1,tastyscore_d1_p2_r1,tastyscore_d1_p1_r2,tastyscore_d1_p1_r1_scaled,tastyscore_d2_p1_r1_scaled,tastyscore_d1_p2_r1_scaled,tastyscore_d1_p1_r2_scaled,d1_p1_r1_rank,d2_p1_r1_rank,d1_p2_r1_rank,d1_p1_r2_rank,review_score1,review_score2,review_score1_scaled,review_score2_scaled
1,스시아라타,0.0,0.25,0.5595547973159976,0.6396006028636021,0.9050956831330664,0.02918781725888325,0.7833597251428873,0.7833597251428873,1.0333597251428874,1.3167194502857746,0.253233171767201,0.10502814489172649,0.2724042078057307,0.3691248148382996,38,40,40,24,4.775574610170375,4.245207630113261,0.559781264977988,0.49236477602945367
2,오헨,0.061054720293062664,0.5,0.5912237681926586,0.6550489826676714,0.716510903426792,0.015228426395939087,1.0555577404638279,1.1166124607568908,1.5555577404638279,1.5500607606345933,0.4285602499048445,0.24314816029137046,0.4935801113044126,0.49653235691736475,18,23,19,11,4.498651141479707,3.922655799682988,0.5268520116256998,0.4543457032621992
3,하쯔호,0.17026635121727846,0.25,0.5971574075867011,0.31574981160512433,0.9030602895363756,0.0317258883248731,0.882189700480547,1.0524560516978254,1.1321897004805468,1.3441130497438154,0.3168911333726037,0.2165578783214492,0.31426344213205215,0.38408209424343365,30,27,39,21,4.6056776859993,4.040246166737472,0.5395786476763351,0.46820603918343345
4,피그인더가든,0.00770815843699916,0.5,0.4080358106648674,0.4551620195930671,0.4958029252035301,0.27030456852791884,0.915034489434345,0.9227426478713442,1.415034489434345,1.3223608204316908,0.33804698519807413,0.16279682726497594,0.4340617751615299,0.3722050799794139,28,36,28,23,3.8898248182433535,3.7520935761064047,0.45445584982625903,0.43424159292169173
5,정인면옥,0.16438983438907118,0.5,0.4677252445951985,0.5501130369253956,0.6057330788236368,0.3807106598984773,1.1654603394497483,1.3298501738388193,1.6654603394497483,1.6665308445104254,0.4993502648034292,0.33152671826598423,0.5401291327759414,0.5601266132887697,9,13,12,10,4.774612152648896,4.687597567952174,0.559666818168133,0.5445091250965867
6,아트리오,0.08952148362970312,0.75,0.5551514258054904,0.103051996985682,0.2865335598980465,0.10786802030456856,1.10267273437815,1.192194218007853,1.85267273437815,1.365823985126597,0.4589077680883669,0.274473795041828,0.6194225605171266,0.3959365614581011,13,18,9,19,3.220328880917442,2.77304547541652,0.3748454020633118,0.31884153168775753
7,가양칼국수버섯매운탕,1.0,0.5,0.3548848913112901,0.7098718914845517,0.4218866136089097,0.284263959390863,1.9427268389489036,2.9427268389489036,2.4427268389489036,2.3854536778978073,1.0000000000000002,0.9999999999999999,0.8693387721123275,0.9526682982972139,1,1,2,2,3.8259765621201205,3.755355630199693,0.446863588282214,0.43462609011018394
8,진주집,0.2155994810348775,0.5,0.5347149036259666,1.0,0.5418061128207352,0.8248730964467007,1.440948009258228,1.6565474902931054,1.940948009258228,2.166296537481579,0.6767962618049836,0.4669297729372396,0.6568113730084881,0.8330055067076425,6,6,7,3,6.69709112948544,6.987249322306173,0.7882707627598167,0.815568282539593
9,폴앤폴리나,0.2307105243074105,0.5,0.6742947197092493,0.4267143933685004,0.9234728430177443,0.0685279187817259,1.2539629930267155,1.4846735173341261,1.7539629930267155,1.7772154617460205,0.5563562339350638,0.39569484144251776,0.5776142510502538,0.6205619258653055,8,8,11,8,5.176422714586164,4.57065591365864,0.6074465237171682,0.530725252724267
10,바스버거,0.09425322445241548,0.5,0.7587020880603697,0.3562547098718915,0.4796416940460784,0.2690355329949239,1.0601617306957314,1.1544149551481468,1.5601617306957314,1.5260702369390473,0.4315257533607832,0.2588157919399007,0.4955301219696475,0.4834332033527008,17,20,18,13,5.157453049190299,4.6677864941248535,0.605190821371744,0.542174000671983
11,진가와,0.04899641303518278,0.5,0.2326155887696053,0.20723436322532027,0.7997230875735544,0.09263959390862946,0.8820495714044602,0.9310459844396429,1.38204957140446,1.2151027297737376,0.31680087400225715,0.16623823029672843,0.420091080457518,0.31364069770867486,31,35,30,29,3.0150616751767383,2.8750856803157627,0.3504368683456361,0.3308689753704512
12,팥이재,0.09020834923300007,0.5,0.3982236525453167,0.21156744536548605,0.19858993277586467,0.06472081218274113,0.8084838099503522,0.8986921591833523,1.3084838099503524,1.0267592706677044,0.26941599505113073,0.15282885547373462,0.38893245235323326,0.21080259692190562,37,37,36,41,2.3958043576467056,2.06230151728413,0.2768003463288512,0.2350663870014735
13,갓포아키,0.06067312829123101,0.5,0.2203798646102335,0.045591559909570464,0.7103762281332373,0.045685279187817264,0.8161813612514457,0.8768544895426766,1.3161813612514455,1.0716895942116604,0.2743741104761976,0.14377800923985382,0.3921927344948656,0.23533516716844782,35,38,34,38,2.484919312180431,2.310224726758015,0.2873970968649952,0.2642890100109453
14,브루클린더버거조인트,0.02442188811722506,0.5,0.4524595814678825,0.05312735493594574,0.5277625068719081,0.11928934010152285,0.8125815839615398,0.8370034720787649,1.31258158396154,1.1007412798058547,0.27205543657462156,0.12726134618631377,0.39066805617145306,0.2511977842475963,36,39,35,37,3.2763587148558604,2.943188473489501,0.38150796701588996,0.33889622806305486
15,스시혜정,0.021598107303670917,0.25,0.6556593433691549,0.01714393368500377,0.8077032002265652,0.03553299492385787,0.6506079753548164,0.6722060826584872,0.9006079753548164,1.0296178434059617,0.1677256548201756,0.058959377343920844,0.2161774751507586,0.21236341667512948,43,43,42,40,4.361786692386327,3.7416603439410303,0.5105773197751816,0.4330118314524609
16,경천애인,0.06754178432420056,0.75,0.3755445775571622,0.07629992464204974,0.7728670485378362,0.04822335025380711,1.1357755095719144,1.203317293896115,1.8857755095719144,1.4540092348196283,0.480229792961057,0.27908386796485296,0.6334431733823341,0.4440869120934945,11,17,8,15,3.268882382707792,2.941561155404437,0.38061894870114177,0.33870441664282824
17,에덴식당,0.7733343509120049,0.5,0.3713829849488357,0.11096458176337604,0.7793502447708054,0.08629441624365483,1.610332407843673,2.3836667587556777,2.110332407843673,1.9473304647753409,0.7858994514482747,0.7682918138891045,0.7285537892884344,0.7134470406970443,4,4,4,4,3.4140802598312945,3.1289916911261133,0.39788457701578284,0.36079678910557994
18,신원,0.3899870258719377,0.5,0.1723725499626152,0.15806330067822155,0.46585190510424196,0.01649746192893401,1.0931833302904408,1.4831703561623786,1.5931833302904408,1.296379634708944,0.45279549173688877,0.3950718408726728,0.5095163530755678,0.35801899776239665,14,9,15,25,1.8287496965239682,1.672874608490287,0.20937129566372145,0.1891647718619473
19,그레이에스프레소,0.1031824772952759,0.5,1.0,0.10342878673700076,1.0,0.04060913705583757,1.1391919582434855,1.2423744355387614,1.6391919582434855,1.6752014391916952,0.4824303819788996,0.2952715010392196,0.5290032135340382,0.5648608763948308,10,16,13,9,6.225256197904514,5.265865334960352,0.7321643876809917,0.6126693469236159
20,패트릭스와플,0.1328703350377776,0.5,0.4522535344919536,0.08270535041446872,0.3734856351678784,0.0634517766497462,0.8758444092187894,1.008714744256567,1.3758444092187894,1.1188184833998012,0.31280403018213926,0.19842884467299052,0.4174628966795155,0.26106818428145484,33,29,32,34,2.829046088667279,2.440244330825071,0.32831756439279314,0.2796143758028583
21,브로드웨이,0.09287949324582156,0.5,0.5138643618219132,0.0,0.8928286811355712,0.4746192893401016,1.063207576320218,1.1560870695660397,1.563207576320218,1.5335356593946146,0.4334876310518086,0.2595088169160462,0.4968201836668359,0.4875094259650784,16,19,17,12,5.264972677579101,5.225727605097289,0.6179760905303996,0.6079383265777056
22,야마야,0.1611844615736854,0.5,0.22956510929315765,0.36190655614167294,0.5235242431504119,0.11802030456852795,0.9694385148621281,1.1306229764358133,1.469438514862128,1.2776925681505706,0.3730894847031962,0.24895496226034555,0.4571044890840633,0.3478156042213596,25,22,25,27,2.681276393320711,2.5697315885960816,0.310746118538585,0.2948769941208545
23,테이스팅룸,0.06342059070441884,0.75,0.7411793225975658,0.07385079125847778,0.7980985007519861,0.44035532994923865,1.326791576843736,1.390212167548155,2.076791576843736,1.840162562983053,0.6032662850259409,0.35654436586406235,0.7143476387806651,0.654931902778624,7,11,6,6,5.955831073000429,5.655007080352101,0.700126770069937,0.6585373499515
24,배꼽집,0.07044188353812103,0.75,0.20964231378985956,0.08063300678221552,0.4134806003964888,0.04060913705583757,1.0065331480442214,1.0769750315823425,1.7565331480442214,1.1926244125503218,0.39698272890167347,0.22672002109574171,0.5787028349618168,0.3013672295292612,22,26,10,31,1.8679908739021442,1.698957697168122,0.21403750426582244,0.19223917650914626
25,아루히,0.030298404945432338,1.0,0.9257013433599544,0.14110776186887716,0.816873301024871,1.0,1.7512190065088578,1.7815174114542902,2.751219006508858,2.4721396080722835,0.8766467541558025,0.518724838935641,1.0,1.0,2,5,1,1,8.477659737358437,8.551958393998483,1.0,1.0
26,아이엠베이글,0.09822178127146457,0.5,0.737727447350772,0.05764883195177091,0.6351792439670811,0.10786802030456856,0.9828276671650127,1.0810494484364774,1.4828276671650127,1.3674335530585608,0.3817136510081445,0.2284087049638601,0.46277543721252745,0.3968154075300385,23,25,23,18,4.602521170202727,3.9726617431565234,0.5392033031493172,0.46023988653556475
27,대오옛집,0.25887201404258564,0.5,0.0,0.06801055011303693,0.0,0.0,0.7758746515708449,1.0347466656134305,1.2758746515708448,0.7928772890991042,0.24841191663246331,0.20921804156305565,0.37512090988215263,0.0830998409731562,39,28,37,42,0.06801055011303693,0.06801055011303693,0.0,0.0
28,그리너리샐러드,0.2558192780279325,0.5,0.6236833346830872,0.05746043707611152,0.4984423676012466,0.01776649746192894,1.0551574372335262,1.3109767152614586,1.5551574372335262,1.3544955964391197,0.42830240821685456,0.3237044197196671,0.49341056368830183,0.38975110652845246,19,14,20,20,3.6023780033967405,2.9964611661755822,0.4202752546020762,0.34517546193699666
29,라무진,0.3739601617950088,0.5,0.13419724001894395,0.02298417483044461,0.8307372793354117,0.03553299492385787,1.1298230840721732,1.503783245867182,1.6298230840721732,1.385686006349338,0.47639574086677144,0.4036150644960679,0.5250350460021644,0.40678149629166627,12,7,14,17,2.3278466783486174,2.2291824332535315,0.26871942906524443,0.25473658288671536
30,카페진정성,0.07212088834618026,0.5,0.3904259620045525,0.17200452147701584,0.5221616810401866,0.20050761421319802,0.8933958330299185,0.9655167213760987,1.3933958330299185,1.2146707777136567,0.3241091818759621,0.18052498088477156,0.4248967664094282,0.3134048459849118,29,33,29,30,3.3795545742151925,3.189636226423838,0.39377909236982805,0.36794493952018115
31,커피기업,0.10005342288025644,0.5,0.9817159519407732,0.1510926902788244,0.5670514934945947,0.062182741116751275,1.0405641420879923,1.1406175649682488,1.5405641420879923,1.481074861295728,0.41890263432338976,0.25309732202063284,0.48722960331668363,0.4588651137715215,21,21,22,14,5.398607708381361,4.479074497557338,0.6338667689435894,0.5199305828622515
32,수하동,0.0892162100282378,0.5,0.1463986230156611,0.05708364732479276,0.05195586452434675,0.038071065989847726,0.6625935102418998,0.7518097202701377,1.1625935102419,0.7359708104555619,0.1754457287861501,0.091951921673771,0.3271409136973864,0.0520281264897236,42,41,38,43,0.8608030664056738,0.7524755093798604,0.09427177027729476,0.08067764817297071
33,더스테이크하우스,0.0816606883919713,0.5,0.42184416750656295,0.02844762622456669,0.6110773961241258,0.12563451776649748,0.8784116152974095,0.9600723036893808,1.3784116152974095,1.1751625422028478,0.31445760851631993,0.17826848611558063,0.4185502315740328,0.291832809851283,32,34,31,32,3.3148826417985626,3.018672992058497,0.3860888866339318,0.3477935621766066
34,그리츠,0.02816148973517515,0.5,0.5851720208747198,0.04521477015825169,0.6050198819745218,0.5659898477157361,0.9785106199159825,1.0066721096511575,1.4785106199159825,1.42885975009679,0.3789329720988505,0.19758225380364566,0.4609469606619915,0.4303549499805627,24,30,24,16,5.293912160753383,5.274729987594399,0.6214173141212924,0.6137142204656468
35,창고43,0.3913607570785316,0.0,0.3292481970622152,0.32083647324792763,0.530298460661426,0.10659898477157363,0.7131062860143171,1.1044670430928487,0.7131062860143171,1.0348518149501027,0.2079818123955685,0.23811436733029592,0.13676151735182615,0.21522123661603032,40,24,43,39,3.0182231371343615,2.79557392484372,0.3508128010257315,0.32149695223509583
36,서궁,0.3848736930473937,0.5,0.13395203769868005,0.19216277317256966,0.27487154589958385,0.12944162436548226,1.0674806883314727,1.4523543813788664,1.5674806883314727,1.2500876836155517,0.43624001057450573,0.3822998439562433,0.49863005153709095,0.33274296027877803,15,10,16,28,1.6660388888629045,1.6615284755297066,0.19002318683798813,0.18782740709151702
37,쿠치나후,0.13973899107074714,0.0,0.4511563289960408,0.05727204220045215,0.4223948264488664,0.07106598984771574,0.39021128794401594,0.529950279014763,0.39021128794401594,0.6406835848172847,0.0,0.0,0.0,0.0,44,44,44,44,2.9198849806254956,2.5397946414771706,0.3391193100941464,0.2913483365112386
38,뉴오리진,0.05281233305349919,0.5,0.6552979587976657,0.06028636021100225,0.7103802874627752,0.12436548223350255,0.9403948552297356,0.9932071882832347,1.4403948552297354,1.327977377405972,0.3543820008305912,0.1920015789945824,0.4448031063295643,0.37527179678995404,27,31,27,22,4.475335217027723,3.94440274046356,0.5240794911634497,0.4569090076554771
39,구이구이,0.9020834923300008,0.5,0.24455197781025986,0.0346646571213263,0.3987538940809974,0.07868020304568529,1.5912461753445681,2.493329667674569,2.091246175344568,1.7804088583591353,0.7736057050270224,0.8137427316159763,0.7204698544715221,0.6223055640267281,5,3,5,7,2.0464209656614165,1.880549190896842,0.23525480926706915,0.21364330311037197
40,나폴레옹,0.8496527512783332,0.5,0.7098387858933353,0.0077241899020346625,0.19312245387011814,0.2664974619289341,1.6439484741769388,2.4936012254552717,2.1439484741769386,1.9382441970755444,0.8075520953213151,0.8138552815243317,0.7427918055680675,0.7084858144462236,3,2,3,5,4.032816627002415,3.589475303038013,0.4714591522917093,0.41507383328186864
41,영원식당,0.2898572845913149,0.5,0.18941954127695412,0.22192916352675207,0.17700653627176344,0.10406091370558378,0.9629613232865782,1.2528186078778931,1.4629613232865784,1.1360653619818417,0.3689174224192742,0.29960019542085636,0.4543610878132336,0.27048521551946847,26,15,26,33,1.645803142294847,1.5604445147234762,0.1876169334833597,0.1759126755695542
42,카레오,0.11699610776158133,0.5,0.3100539477199127,0.09382064807837227,0.4972550110928169,0.0685279187817259,0.8594104891797882,0.9764065969413696,1.3594104891797882,1.1018248705979952,0.30221868047123684,0.18503840154133175,0.4105023433912821,0.2517894396181767,34,32,33,36,2.5341302174888343,2.292604188550648,0.29324881602862446,0.2622120832627373
43,파낙스,0.31038693428985725,0.5,0.3206115551272479,0.28598342125094195,0.2973879702851674,0.0583756345177665,1.0509765795851382,1.3613635138749955,1.5509765795851382,1.2915662248804192,0.4256094511990122,0.3445877453662459,0.4916397699651329,0.3553908102616288,20,12,21,26,2.338332485883568,2.0760965652740864,0.26996630718126075,0.2366924045399829
44,슈치쿠,0.02228497290696787,0.25,0.9012942980939158,0.03240391861341371,0.5426247843642775,0.19416243654822335,0.6899063323119254,0.7121913052188933,0.9399063323119254,1.107527691716883,0.1930383526103347,0.0755316630766277,0.23282221402564754,0.25490325782973944,41,42,41,35,5.305317989362302,4.598186127816609,0.6227735928857168,0.5339702295516304
